NaN NaN 0
0.00669430595749944 0.0197775956073062 0
0.00738063199198331 0.0195344423972955 0
0.00805880904089512 0.0192738276974391 0
0.0087290459745437 0.018998630421572 0
0.00939186361128992 0.018711308288349 0
0.0100480302756742 0.0184138914774222 0
0.0106984993857248 0.0181079824169934 0
0.0113443495231553 0.0177947613651898 0
0.0119867274058328 0.0174749974192013 0
0.0126267941459679 0.0171490645603793 0
0.0132656751401278 0.0168169623206228 0
0.0139044138986019 0.0164783406354279 0
0.0145439300820461 0.0161325284320157 0
0.0151849819728901 0.0157785654870161 0
0.0158281335679014 0.0154152370773136 0
0.0164737264367483 0.0150411109398681 0
0.0171218564495644 0.0146545760516242 0
0.017772355434573 0.0142538827390152 0
0.0184247777849184 0.0138371836280434 0
0.0190783919921262 0.0134025749504576 0
0.0197321770421822 0.012948137729133 0
0.020384823569154 0.0124719783763657 0
0.0210347396206176 0.0119722682523921 0
0.0216800608488468 0.0114472817480337 0
0.0223186649016522 0.0108954324749465 0
0.0229481897466432 0.0103153071695683 0
0.0235660556220775 0.00970569694259701 0
0.0241694902656003 0.0090656255348959 0
0.0247555570278895 0.00839437427343247 0
0.0253211854296986 0.00769150345778564 0
0.0258632036652015 0.00695686994984253 0
0.0263783724875576 0.00619064078808873 0
0.0268634198274026 0.00539330270591593 0
0.027315075380753 0.00456566750482715 0
0.0277301042422481 0.00370887332535117 0
0.0281053384243487 0.00282438198287478 0
0.0284377047456437 0.00191397271330074 0
0.0287242470107698 0.000979732941531009 0
0.0289621394986871 2.40471120996153e-05 0
0.0291486872696588 -0.000950414666159585 0
0.0292813062199637 -0.00194070516058823 0
0.029357471246863 -0.00294360044560993 0
0.0293746125216429 -0.00395558250898485 0
0.0293299239437447 -0.00497278535082823 0
0.0292200161983796 -0.00599086663330597 0
0.0290402808488261 -0.00700472279913307 0
0.0287836868853293 -0.00800785648370688 0
0.0284383945232573 -0.00899091035472165 0
0.0279827507019779 -0.00993799727473132 0
0.027374215743472 -0.0108164599206305 0
0.0265248173652968 -0.0115441792560027 0
0.0252644989826598 -0.0118726994186098 0
0.0235272048233776 -0.0110684867626048 0
0.0225458881996896 -0.008849890196401 0
0.0225526228988618 -0.00820848343981605 0
0.0225526228988618 -0.00820848343981605 0
0.0222524125096029 -0.00899055824198189 0
0.0219250909834224 -0.00976167943381921 0
0.02157105711118 -0.0105209075229379 0
0.0211907422286142 -0.0112673175068614 0
0.0207846096908265 -0.012 0
0.0207846096908265 -0.012 0
0.0195038132887803 -0.0150412596568201 0
0.0194977137550194 -0.0194361996719706 0
0.0196690744414481 -0.0214735543613003 0
0.0193481733648959 -0.0226494265592992 0
0.0187962758879562 -0.0235681528137736 0
0.0181392416278305 -0.024387189994206 0
0.0174290634380412 -0.0251604116878284 0
0.0166889510424135 -0.0259115080126062 0
0.0159297053543509 -0.0266529925670074 0
0.0151560038052383 -0.0273922370927081 0
0.0143691053101805 -0.0281336832271233 0
0.0135681728084903 -0.028879734250091 0
0.0127510176436824 -0.0296311416456114 0
0.0119145850855515 -0.030387190590809 0
0.0110553158803426 -0.0311458106764531 0
0.0101694426643051 -0.0319036685499318 0
0.00925324650860697 -0.0326562688881933 0
0.00830328328976978 -0.0333980755067753 0
0.00731658220332928 -0.0341226565826265 0
0.00629081537551176 -0.034822853288123 0
0.00522443628320382 -0.0354909680210106 0
0.00411678466323888 -0.036118966121861 0
0.00296815633575772 -0.0366986830845691 0
0.00177983768258241 -0.0372220274750197 0
0.000554106376829804 -0.0376811677173802 0
-0.000705797493654985 -0.0380686880154281 0
-0.00199572206495867 -0.0383776939019244 0
-0.00331066228227058 -0.0386018391965677 0
-0.00464480175535342 -0.0387352292541622 0
-0.00599149109450688 -0.0387721210908415 0
-0.00734306617575771 -0.038706268316171 0
-0.00869028682883234 -0.0385295975593693 0
-0.0100208417822574 -0.0382295275960483 0
-0.011315351516052 -0.0377833333630903 0
-0.0125358358502904 -0.0371457929227179 0
-0.0135883458247388 -0.0362227850761361 0
-0.0141916409097849 -0.0348409710130974 0
-0.0135817671646394 -0.033015453162791 0
-0.0117782053079399 -0.0320695931219204 0
-0.0116286848730727 -0.0319495491067209 0
-0.0116286848730727 -0.0319495491067209 0
-0.012736624176141 -0.0315242510552708 0
-0.0138290458645772 -0.0310605455598484 0
-0.0149046189908286 -0.0305589975741717 0
-0.0159620331347203 -0.0300202181572035 0
-0.017 -0.0294448637286709 0
-0.018017254983929 -0.0288336352693185 0
-0.0190125587180054 -0.0281872774668714 0
-0.0199846985779441 -0.0275065778087482 0
-0.0209324901610724 -0.0267923656226286 0
-0.0218547787293423 -0.0260455110660453 0
-0.0218547787293423 -0.0260455110660453 0
-0.0209609259281137 -0.0312701148391697 0
-0.0225378367739911 -0.0317092949055443 0
-0.023854701986796 -0.0312600154745714 0
-0.0250193877987238 -0.0305371622819726 0
-0.0260805313102643 -0.0296767457406082 0
-0.0270571800796243 -0.0287266577650331 0
-0.0279574083564011 -0.0277095367555119 0
-0.0287847733204624 -0.0266386854660358 0
-0.0295408281321136 -0.025523342569883 0
-0.0302262248782719 -0.0243707606481694 0
-0.0308412480284143 -0.023187128998494 0
-0.0313860926583402 -0.0219780182997481 0
-0.0318610178522047 -0.0207486061544885 0
-0.0322664343013839 -0.0195037939425565 0
-0.0326029548096751 -0.0182482663124862 0
-0.0328714225522195 -0.0169865189216675 0
-0.0330729251868643 -0.0157228679978281 0
-0.0332087994530829 -0.0144614493025949 0
-0.033280629034532 -0.0132062109353639 0
-0.0332902374248203 -0.0119609026905063 0
-0.0332396769392425 -0.0107290636943247 0
-0.0331312146621591 -0.00951400946228709 0
-0.0329673159060894 -0.00831881915638082 0
-0.0327506256269299 -0.00714632359228438 0
-0.0324839481573198 -0.00599909439367336 0
-0.0321702255679032 -0.00487943458606044 0
-0.0318125149326023 -0.00378937084727125 0
-0.0314139647519446 -0.00273064757521712 0
-0.0309777907735512 -0.0017047228894392 0
-0.0305072514382557 -0.000712766646830633 0
-0.0300056231721365 0.000244339478607892 0
-0.0294761757377966 0.00116599982882976 0
-0.0289221478517038 0.00205190050839189 0
-0.0283467232677765 0.00290200306727545 0
-0.0277530075203023 0.00371653616259235 0
-0.0271440055114838 0.00449598526059882 0
-0.0265226001202724 0.00524108045786812 0
-0.0258915319995925 0.00595278251670231 0
-0.0252533807185559 0.0066322672249158 0
-0.024610547394805 0.00728090820399182 0
-0.0239652389497528 0.00790025830227511 0
-0.0233194541062413 0.00849202972127824 0
-0.0226749712341071 0.00905807303330736 0
-0.0220333381343868 0.00960035525740756 0
-0.0213958638375242 0.01012093716805 0
-0.020763612475056 0.0106219500169948 0
-0.0201373992679555 0.0111055718533321 0
-0.0195177886582333 0.0115740036298112 0
-0.0189050945936396 0.0120294452851925 0
-0.0182993829585118 0.0124740719925019 0
-0.0177004761270895 0.0129100107617271 0
-0.0171079595990926 0.0133393175826996 0
-0.0165211906611645 0.0137639552896599 0
-0.0159393090020268 0.0141857723233628 0
-0.0153612491940061 0.0146064825595744 0
-0.0147857549390848 0.0150276463645061 0
-0.0142113949639061 0.0154506530281875 0
-0.0136365804353363 0.0158767047160676 0
-0.0130595837563482 0.0163068020673477 0
NaN NaN 0
NaN NaN 0
NaN NaN 0
NaN NaN 0
NaN NaN 0
NaN NaN 0
NaN NaN 0
NaN NaN 0
NaN NaN 0
NaN NaN 0
NaN NaN 0
NaN NaN 0
NaN NaN 0
